-1.9499999999999997,1.4999999999999998 4.2,0.44999999999999996|0.5,0.5,0.5,0.5,0.5,0.5,0.5,0.5,0.5,0.5,0.5,0.5
6,1.4999999999999998 11.85,0.44999999999999996|0.5,0.5,0.5,0.5,0.5,0.5,0.5,0.5,0.5,0.5,0.5,0.5
P5.0665811871596595,2.783698273184103 1,1,1 26.4151471697585
+-1.3499999999999999,1.2 3.15,0|0.5,0.5,0.5,0.5,0.5,0.5,0.5,0.5,0.5,0.5,0.5,0.5
4.05,4.3500000000000005 6.45,0|0.5,0.5,0.5,0.5,0.5,0.5,0.5,0.5,0.5,0.5,0.5,0.5
1.7999999999999998,4.3500000000000005 2.6999999999999997,2.55|0.5,0.5,0.5,0.5,0.5,0.5,0.5,0.5,0.5,0.5,0.5,0.5
P2.895257775737593,3.512769955257247 1,1,1 22.126906697502946
+-0.6,1.3499999999999999 1.05,0.3|0.5,0.5,0.5,0.5,0.5,0.5,0.5,0.5,0.5,0.5,0.5,0.5
5.3999999999999995,-1.7999999999999998 8.4,-2.85|0.5,0.5,0.5,0.5,0.5,0.5,0.5,0.5,0.5,0.5,0.5,0.5
P0.9580534272507144,1.5239932560889415 1,1,1 20.664946164943174
+-0.9,1.4999999999999998 1.05,0.44999999999999996|0.5,0.5,0.5,0.5,0.5,0.5,0.5,0.5,0.5,0.5,0.5,0.5
2.55,2.1 3.4499999999999997,1.2|1,0.2,0.2,1,0.2,0.2,1,0.5,0.5,1,0.5,0.5
5.7,0.9 6.75,-0.15|0.2,1,0.2,0.2,1,0.2,0.5,1,0.5,0.5,1,0.5
9.45,1.3499999999999999 10.5,0.3|0.2,0.2,1,0.2,0.2,1,0.5,0.5,1,0.5,0.5,1
13.049999999999999,-1.5 15.899999999999999,-2.55|0.5,0.5,0.5,0.5,0.5,0.5,0.5,0.5,0.5,0.5,0.5,0.5
P2.9774206653137645,2.448814943854498 1,1,1 20.960916010518233
6.209459418251611,1.172653749020718 1,1,1 19.971980372511894
9.96826312810104,1.6257287294350777 1,1,1 21.50348808914498
+-1.0499999999999998,1.3499999999999999 1.05,0.3|0.5,0.5,0.5,0.5,0.5,0.5,0.5,0.5,0.5,0.5,0.5,0.5
2.55,2.6999999999999997 8.549999999999999,1.7999999999999998|0.5,0.5,1,0.5,0.5,1,0.4,0.4,1,0.4,0.4,1
9.9,2.6999999999999997 10.799999999999999,1.7999999999999998|0.5,1,0.5,0.5,1,0.5,0.4,1,0.4,0.4,1,0.4
11.549999999999999,-0.75 18.3,-1.7999999999999998|1,0.5,0.5,1,0.5,0.5,1,0.4,0.4,1,0.4,0.4
19.05,0.6 22.2,-0.44999999999999996|0.5,0.5,0.5,0.5,0.5,0.5,0.5,0.5,0.5,0.5,0.5,0.5
17.4,1.2 18,0.6|0.5,1,0.5,0.5,1,0.5,0.4,1,0.4,0.4,1,0.4
P10.325916807015505,2.970146154235851 1,1,1 25.628109567426158
+-1.0499999999999998,1.4999999999999998 4.05,0.3|0.5,0.5,0.5,0.5,0.5,0.5,0.5,0.5,0.5,0.5,0.5,0.5
4.35,8.25 5.3999999999999995,2.1|0.5,1,0.5,0.5,1,0.5,0.2,1,0.2,0.2,1,0.2
1.3499999999999999,9 2.4,3|0.5,0.5,1,0.5,0.5,1,0.2,0.2,1,0.2,0.2,1
6.8999999999999995,7.8 8.1,6.6000000000000005|1,0.5,0.5,1,0.5,0.5,1,0.2,0.2,1,0.2,0.2
9.15,9 10.2,7.95|1,0.5,0.5,1,0.5,0.5,1,0.2,0.2,1,0.2,0.2
7.8,9.45 8.25,9|0.5,0.5,1,0.5,0.5,1,0.2,0.2,1,0.2,0.2,1
11.549999999999999,9.6 12.75,8.4|1,1,1,1,1,1,1,1,1,1,1,1
15.299999999999999,7.35 19.5,6.15|0.5,0.5,0.5,0.5,0.5,0.5,0.5,0.5,0.5,0.5,0.5,0.5
P8.417512179519646,9.24781733611929 1,1,1 21.260291625469296
+-0.6,1.3499999999999999 0.44999999999999996,0.3|0.5,0.5,0.5,0.5,0.5,0.5,0.5,0.5,0.5,0.5,0.5,0.5
2.1,1.3499999999999999 3.15,0.3|0.5,0.5,0.5,0.5,0.5,0.5,0.5,0.5,0.5,0.5,0.5,0.5
1.05,2.6999999999999997 1.5,2.25|1,0.5,0.5,1,0.5,0.5,1,0.4,0.4,1,0.4,0.4
1.05,1.65 1.5,1.2|0.5,1,0.5,0.5,1,0.5,0.4,1,0.4,0.4,1,0.4
1.05,0.6 1.5,0.15|0.5,0.5,1,0.5,0.5,1,0.4,0.4,1,0.4,0.4,1
P1.2703308528555166,1.936837625680682 1,1,1 20.880613017821112
1.2770710423789648,0.8853680600227638 1,1,1 19.68146336022806
+-0.44999999999999996,1.4999999999999998 1.7999999999999998,0.44999999999999996|0.5,0.5,0.5,0.5,0.5,0.5,0.5,0.5,0.5,0.5,0.5,0.5
2.6999999999999997,3.3 3.75,2.25|1,1,1,1,1,1,0.5,0.5,1,0.5,0.5,1
0.15,4.05 1.2,3|1,1,1,1,1,1,1,0.5,0.5,1,0.5,0.5
2.6999999999999997,4.95 3.75,3.9|1,1,1,1,1,1,0.5,1,0.5,0.5,1,0.5
6.1499999999999995,1.4999999999999998 8.7,0.44999999999999996|0.5,0.5,0.5,0.5,0.5,0.5,0.5,0.5,0.5,0.5,0.5,0.5
P2.8871941747920755,3.596542642775843 1,1,1 20.880613017821087
+-0.44999999999999996,1.4999999999999998 1.2,0.6|0.5,0.5,0.5,0.5,0.5,0.5,0.5,0.5,0.5,0.5,0.5,0.5
1.2,3 2.25,0.6|0.5,0.5,0.5,0.5,0.5,0.5,0.5,0.5,0.5,0.5,0.5,0.5
-0.15,3.3 0.44999999999999996,2.6999999999999997|0.5,1,0.5,0.5,1,0.5,0,1,0,0,1,0
4.95,0.3 5.85,-0.6|0.5,0.5,1,0.5,0.5,1,0,0,1,0,0,1
8.4,0.3 11.1,-0.6|0.5,0.5,0.5,0.5,0.5,0.5,0.5,0.5,0.5,0.5,0.5,0.5
P5.39199796526104,0.5894127086234607 1,1,1 23.96330528120027
+-0.6,1.4999999999999998 1.5,0.6|0.5,0.5,0.5,0.5,0.5,0.5,0.5,0.5,0.5,0.5,0.5,0.5
4.2,1.4999999999999998 5.1,0.6|0.5,0.5,1,0.5,0.5,1,0.4,0.4,1,0.4,0.4,1
7.5,1.4999999999999998 8.4,0.6|0.8,0.8,1,0.8,0.8,1,0.7,0.7,1,0.7,0.7,1
10.65,1.4999999999999998 11.549999999999999,0.6|1,1,1,1,1,1,0.9,0.9,1,0.9,0.9,1
14.1,1.4999999999999998 15.899999999999999,0.6|0.5,0.5,0.5,0.5,0.5,0.5,0.9,0.5,0.5,0.5,0.5,0.5
P4.6181765596638105,1.8578430323751711 1,1,1 19.518196638009353
7.952831521463787,1.7971813266641372 1,1,1 22.912005586591455
11.100379570934116,1.7769607580937927 1,1,1 22.953866776645633
+-0.75,1.4999999999999998 1.7999999999999998,0.44999999999999996|0.5,0.5,0.5,0.5,0.5,0.5,0.5,0.5,0.5,0.5,0.5,0.5
8.1,-1.7999999999999998 12.15,-2.85|0.5,0.5,0.5,0.5,0.5,0.5,0.5,0.5,0.5,0.5,0.5,0.5
2.4,2.25 3.15,1.4999999999999998|0.5,1,0.5,0.5,1,0.5,0.2,1,0.2,0.2,1,0.2
P2.768886983453476,2.482400558017913 1,1,1 23.785709995709624
+-1.0499999999999998,1.4999999999999998 1.2,0.44999999999999996|0.5,0.5,0.5,0.5,0.5,0.5,0.5,0.5,0.5,0.5,0.5,0.5
7.35,1.4999999999999998 9.75,0.44999999999999996|0.5,0.5,0.5,0.5,0.5,0.5,0.5,0.5,0.5,0.5,0.5,0.5
4.2,1.65 4.5,1.2|1,0.5,0.5,1,0.5,0.5,1,0.4,0.4,1,0.4,0.4
P4.335257775737588,1.8505385732979227 1,1,1 18.701871564097512
+-0.9,1.4999999999999998 7.05,0.44999999999999996|0.5,0.5,0.5,0.5,0.5,0.5,0.5,0.5,0.5,0.5,0.5,0.5
2.6999999999999997,3 3.75,1.4999999999999998|0.5,0.5,0.5,0.5,0.5,0.5,0.5,0.5,0.5,0.5,0.5,0.5
4.95,4.3500000000000005 5.3999999999999995,3.9|0.5,0.5,1,0.5,0.5,1,0.2,0.2,1,0.2,0.2,1
P5.14643235849067,4.572154293191691 1,1,1 19.00315763235151
+-1.2,1.4999999999999998 0.8999999999999999,0.6|0.5,0.5,0.5,0.5,0.5,0.5,0.5,0.5,0.5,0.5,0.5,0.5
3,3.4499999999999997 4.05,2.4|1,0.6,0.6,1,0.6,0.6,1,0.5,0.5,1,0.5,0.5
0.3,4.05 1.2,3.15|0.6,1,0.6,0.6,1,0.6,0.5,1,0.5,0.5,1,0.5
6,0.9 7.05,-0.15|0.6,0.6,1,0.6,0.6,1,0.5,0.5,1,0.5,0.5,1
9.9,-2.1 12.6,-3.15|0.5,0.5,0.5,0.5,0.5,0.5,0.5,0.5,0.5,0.5,0.5,0.5
P1.46441686395013,3.6434860561822555 1,1,1 22.090722034374505
+-0.75,1.4999999999999998 1.05,0.6|0.5,0.5,0.5,0.5,0.5,0.5,0.5,0.5,0.5,0.5,0.5,0.5
2.6999999999999997,2.8499999999999996 3.9,-7.5|0.5,0.5,1,0.5,0.5,1,0.2,0.2,1,0.2,0.2,1
-0.44999999999999996,-8.7 0.44999999999999996,-9.6|1,0.5,0.5,1,0.5,0.5,1,0.2,0.2,1,0.2,0.2
3.9,-9.6 4.8,-10.5|0.5,1,0.5,0.5,1,0.5,0.2,1,0.2,0.2,1,0.2
6.75,-9.6 9.299999999999999,-10.65|0.5,0.5,0.5,0.5,0.5,0.5,0.5,0.5,0.5,0.5,0.5,0.5
P0.02613072839406594,-8.360170397786607 1,1,1 20.96091601051827
+-0.9,1.2 1.65,0.3|0.5,0.5,0.5,0.5,0.5,0.5,0.5,0.5,0.5,0.5,0.5,0.5
3,2.4 4.2,1.3499999999999999|0.5,0.5,0.5,0.5,0.5,0.5,0.5,0.5,0.5,0.5,0.5,0.5
4.5,1.9499999999999997 5.7,0.9|0.5,0.5,0.5,0.5,0.5,0.5,0.5,0.5,0.5,0.5,0.5,0.5
6,1.4999999999999998 7.35,0.44999999999999996|0.5,0.5,0.5,0.5,0.5,0.5,0.5,0.5,0.5,0.5,0.5,0.5
7.6499999999999995,1.0499999999999998 9,0|0.5,0.5,0.5,0.5,0.5,0.5,0.5,0.5,0.5,0.5,0.5,0.5
9.9,-1.2 13.5,-2.25|0.5,0.5,0.5,0.5,0.5,0.5,0.5,0.5,0.5,0.5,0.5,0.5
P4.076141333356681,2.550739918440823 1,1,1 17.274258305351346
5.573746596151086,2.1036935713380154 1,1,1 18.560172412992298
7.242719625334901,1.6491964517834945 1,1,1 17.618172436436105
8.904241882067002,1.2096008771324007 1,1,1 16.49242250247061
+-1.4999999999999998,1.4999999999999998 0.44999999999999996,0.44999999999999996|0.5,0.5,0.5,0.5,0.5,0.5,0.5,0.5,0.5,0.5,0.5,0.5
1.65,2.55 2.55,1.65|1,0.5,0.5,1,0.5,0.5,1,0.2,0.2,1,0.2,0.2
3.75,3.4499999999999997 4.6499999999999995,2.55|0.5,1,0.5,0.5,1,0.5,0.2,1,0.2,0.2,1,0.2
5.85,4.3500000000000005 6.75,3.4499999999999997|0.5,0.5,1,0.5,0.5,1,0.2,0.2,1,0.2,0.2,1
7.6499999999999995,6.3 9.6,4.3500000000000005|1,0.5,0.5,1,0.5,0.5,1,0.2,0.2,1,0.2,0.2
12.9,2.6999999999999997 15,0.6|0.5,1,0.5,0.5,1,0.5,0.2,1,0.2,0.2,1,0.2
16.05,1.7999999999999998 18.3,0.6|0.5,0.5,0.5,0.5,0.5,0.5,0.5,0.5,0.5,0.5,0.5,0.5
P9.420611940504655,6.517796870506245 1,1,1 22.389283150650492
+-0.9,1.4999999999999998 3.75,0.44999999999999996|0.5,0.5,0.5,0.5,0.5,0.5,0.5,0.5,0.5,0.5,0.5,0.5
1.05,2.1 1.95,1.3499999999999999|0.5,0.5,0.5,0.5,0.5,0.5,0.5,0.5,0.5,0.5,0.5,0.5
1.05,3.15 1.95,2.55|0.5,0.5,0.5,0.5,0.5,0.5,0.5,0.5,0.5,0.5,0.5,0.5
P1.4656838831947054,2.312347014873833 1,1,1 14.993331851193037
